-3568.000000
-5622.400000
-6770.000000
-7393.200000
-7808.400000
-7970.000000
-8204.800000
-8365.600000
-8530.000000
-8557.600000
-8554.400000
-8763.200000
-8752.400000
-8791.200000
-8870.000000
-8897.200000
-8846.400000
-8905.200000
-8869.200000
-8806.400000
-8906.400000
-8889.600000
-8956.800000
-8985.600000
-9007.200000
-9021.200000
-9099.200000
-9131.200000
-9161.200000
-9100.800000
-9192.800000
-9150.000000
-9117.200000
-9138.000000
-9218.800000
-9192.800000
-9218.000000
-9170.800000
-9166.800000
-9141.200000
-9182.800000
-9183.200000
-9232.400000
-9190.400000
-9246.400000
-9237.600000
-9322.400000
-9248.800000
-9333.200000
-9244.000000
-9306.000000
-9288.400000
-9164.400000
-9216.800000
-9312.000000
-9268.000000
-9282.800000
-9297.600000
-9289.600000
-9324.400000
-9360.800000
-9368.800000
-9368.800000
-9312.400000
-9409.600000
-9386.000000
-9325.600000
-9375.200000
-9371.600000
-9330.800000
-9358.400000
-9368.800000
-9337.200000
-9394.400000
-9412.400000
-9415.600000
-9449.200000
-9381.200000
-9408.000000
-9427.200000
-9380.400000
-9398.000000
-9394.800000
-9452.800000
-9437.600000
-9442.800000
-9385.600000
-9389.200000
-9416.000000
-9412.800000
-9391.200000
-9449.200000
-9495.200000
-9442.800000
-9375.600000
-9421.600000
-9435.200000
-9454.000000
-9452.800000
-9409.600000
-9419.600000
-9363.600000
-9390.800000
-9301.600000
-9292.400000
-9219.200000
-9308.800000
-9322.800000
-9362.400000
-9374.800000
-9382.400000
-9389.200000
-9455.600000
-9348.400000
-9350.000000
-9399.600000
-9450.800000
-9460.000000
-9497.600000
-9406.400000
-9473.600000
-9435.200000
-9515.600000
-9460.800000
-9446.800000
-9408.000000
-9431.200000
-9423.200000
-9468.000000
-9478.000000
-9480.000000
-9460.400000
-9421.600000
-9410.000000
-9406.400000
-9468.000000
-9423.600000
-9370.800000
-9448.800000
-9374.400000
-9312.800000
-9322.800000
-9449.600000
-9458.800000
-9438.000000
-9408.400000
-9452.000000
-9415.600000
-9382.400000
-9450.800000
-9476.400000
-9487.200000
-9454.000000
-9446.400000
-9436.800000
-9459.600000
-9514.800000
-9576.400000
-9552.000000
-9511.600000
-9516.800000
-9426.000000
-9438.400000
-9323.200000
-9351.600000
-9362.800000
-9450.800000
-9431.200000
-9347.600000
-9371.600000
-9407.200000
-9373.600000
-9396.400000
-9382.000000
-9326.000000
-9303.600000
-9340.800000
-9402.800000
-9383.200000
-9396.800000
-9411.200000
-9472.800000
-9521.200000
-9541.200000
-9521.600000
-9444.000000
-9472.000000
-9610.800000
-9524.000000
-9480.800000
-9489.600000
-9527.600000
-9626.800000
-9620.800000
-9575.200000
-9532.000000
-9480.800000
-9586.400000
-9578.800000
-9577.200000
-9556.000000
-9579.600000
-9539.200000
-9527.200000
-9633.200000
-9562.000000
-9506.000000
-9545.600000
-9560.000000
-9460.000000
-9532.000000
-9508.000000
-9567.200000
-9546.800000
-9504.000000
-9509.200000
-9511.600000
-9552.800000
-9550.400000
-9504.000000
-9554.800000
-9524.000000
-9521.200000
-9443.600000
-9399.600000
-9462.800000
-9536.800000
-9422.800000
-9520.000000
-9490.000000
-9582.000000
-9586.800000
-9570.400000
-9574.400000
-9622.000000
-9554.400000
-9577.200000
-9668.800000
-9547.200000
-9460.800000
-9597.200000
-9502.800000
-9566.400000
-9590.000000
-9596.000000
-9594.400000
-9589.200000
-9614.000000
-9660.400000
-9556.400000
-9592.000000
-9582.800000
-9596.400000
-9590.400000
-9624.000000
-9548.000000
-9539.200000
-9592.400000
-9588.800000
-9590.000000
-9531.200000
-9590.800000
-9498.000000
-9443.600000
-9499.600000
-9506.800000
-9462.800000
-9475.200000
-9547.200000
-9548.400000
-9536.000000
-9577.200000
-9584.400000
-9539.600000
-9554.000000
-9532.800000
-9515.600000
-9455.600000
-9510.400000
-9561.200000
-9593.200000
-9518.400000
-9527.600000
-9559.600000
-9599.600000
-9584.800000
-9608.400000
-9554.800000
-9571.200000
-9569.200000
-9602.400000
-9592.800000
-9584.000000
-9477.600000
-9485.600000
-9566.400000
-9607.200000
-9626.000000
-9638.800000
-9602.000000
-9654.400000
-9652.400000
-9626.000000
-9696.800000
-9678.800000
-9633.600000
-9598.400000
-9596.000000
-9546.800000
-9556.400000
-9558.400000
-9572.000000
-9612.000000
-9627.600000
-9640.000000
-9671.600000
-9693.600000
-9634.000000
-9636.800000
-9604.400000
-9603.600000
-9686.400000
-9700.400000
-9644.800000
-9619.200000
-9544.400000
-9675.200000
-9584.400000
-9643.600000
-9612.400000
-9620.000000
-9666.000000
-9772.000000
-9705.200000
-9562.000000
-9573.600000
-9656.400000
-9748.400000
-9686.400000
-9683.600000
-9687.200000
-9621.200000
-9636.800000
-9641.200000
-9661.600000
-9600.000000
-9610.800000
-9658.800000
-9650.000000
-9671.600000
-9707.200000
-9728.000000
-9626.400000
-9691.200000
-9718.400000
-9722.000000
-9702.800000
-9675.200000
-9550.000000
-9618.800000
-9568.800000
-9598.800000
-9707.200000
-9643.200000
-9718.800000
-9715.600000
-9608.800000
-9694.800000
-9656.000000
-9625.200000
-9697.200000
-9736.400000
-9714.400000
-9696.800000
-9646.400000
-9636.800000
-9619.600000
-9643.600000
-9631.600000
-9717.600000
-9684.400000
-9631.600000
-9613.200000
-9662.800000
-9623.600000
-9666.400000
-9583.200000
-9623.200000
-9665.200000
-9657.200000
-9693.600000
-9631.200000
-9620.400000
-9689.200000
-9655.200000
-9599.200000
-9627.200000
-9648.000000
-9678.000000
-9662.000000
-9651.200000
-9669.600000
-9744.000000
-9742.000000
-9684.000000
-9774.800000
-9667.200000
-9681.200000
-9650.000000
-9726.400000
-9729.600000
-9685.600000
-9640.000000
-9673.600000
-9710.000000
-9803.600000
-9841.200000
-9771.600000
-9784.400000
-9699.200000
-9721.200000
-9658.000000
-9721.200000
-9773.200000
-9760.000000
-9636.400000
-9754.800000
-9699.600000
-9658.400000
-9720.400000
-9732.400000
-9707.200000
-9733.200000
-9727.200000
-9611.600000
-9675.200000
-9675.600000
-9760.800000
-9687.200000
-9757.200000
-9812.400000
-9709.600000
-9620.800000
-9688.800000
-9750.400000
-9703.200000
-9717.600000
-9695.200000
-9644.800000
-9648.000000
-9782.400000
-9768.000000
-9680.000000
-9663.200000
-9720.800000
-9724.400000
-9680.400000
-9650.800000
-9652.800000
-9599.200000
-9570.000000
-9667.200000
-9660.000000
-9657.600000
-9644.800000
-9568.800000
-9646.400000
-9577.600000
-9670.800000
-9626.000000
-9563.200000
-9550.800000
-9500.000000
-9603.600000
-9620.800000
-9524.000000
-9554.000000
-9525.200000
-9579.200000
-9559.600000
-9592.000000
-9709.200000
-9729.200000
-9727.200000
-9595.600000
-9532.000000
-9593.600000
-9632.800000
-9553.200000
-9546.000000
-9562.000000
-9548.800000
-9596.400000
-9531.600000
-9576.000000
-9533.600000
-9483.200000
-9496.000000
-9498.400000
-9489.200000
-9434.800000
-9508.000000
-9470.800000
-9476.800000
-9507.600000
-9452.800000
-9479.600000
-9455.200000
-9511.600000
-9585.600000
-9550.400000
-9584.800000
-9566.800000
-9638.800000
-9647.600000
-9614.000000
-9700.400000
-9706.800000
-9644.800000
-9685.600000
-9700.000000
-9730.800000
-9744.000000
-9776.400000
-9776.000000
-9782.800000
-9794.000000
-9824.000000
-9741.200000
-9657.200000
-9669.200000
-9597.200000
-9682.000000
-9668.400000
-9702.800000
-9791.600000
-9666.800000
-9653.600000
-9620.000000
-9591.600000
-9655.200000
-9628.800000
-9752.000000
-9688.800000
-9731.600000
-9776.400000
-9730.400000
-9714.000000
-9686.400000
-9707.600000
-9705.600000
-9670.000000
-9665.600000
-9672.400000
-9752.000000
-9686.400000
-9668.000000
-9633.200000
-9620.400000
-9611.200000
-9633.200000
-9647.200000
-9612.400000
-9700.400000
-9688.000000
-9773.600000
-9704.000000
-9662.000000
-9604.000000
-9685.200000
-9756.000000
-9744.000000
-9742.000000
-9736.400000
-9711.600000
-9702.000000
-9730.800000
-9721.600000
-9709.200000
-9750.800000
-9678.000000
-9680.800000
-9672.800000
-9712.000000
-9740.000000
-9846.000000
-9807.200000
-9817.600000
-9749.600000
-9714.800000
-9670.000000
-9633.600000
-9743.200000
-9716.800000
-9665.600000
-9657.600000
-9727.600000
-9726.400000
-9741.200000
-9606.800000
-9673.200000
-9671.200000
-9741.600000
-9692.800000
-9780.800000
-9713.200000
-9758.000000
-9653.200000
-9592.800000
-9617.200000
-9669.600000
-9665.600000
-9698.800000
-9627.200000
-9636.800000
-9688.800000
-9633.600000
-9592.800000
-9646.800000
-9665.200000
-9645.600000
-9496.400000
-9580.800000
-9671.200000
-9604.800000
-9663.200000
-9608.800000
-9599.600000
-9553.200000
-9717.200000
-9623.200000
-9611.600000
-9674.400000
-9665.600000
-9656.000000
-9587.200000
-9534.000000
-9514.000000
-9558.400000
-9642.000000
-9630.000000
-9608.400000
-9596.400000
-9678.400000
-9674.000000
-9631.600000
-9628.800000
-9629.600000
-9610.800000
-9574.000000
-9602.800000
-9624.400000
-9540.000000
-9570.400000
-9495.600000
-9568.400000
-9638.400000
-9612.000000
-9686.000000
-9657.600000
-9582.000000
-9678.000000
-9740.400000
-9764.800000
-9722.000000
-9718.000000
-9711.600000
-9725.200000
-9809.600000
-9758.000000
-9755.600000
-9741.600000
-9738.000000
-9715.600000
-9707.600000
-9650.800000
-9654.800000
-9759.200000
-9676.000000
-9750.400000
-9706.800000
-9715.600000
-9737.200000
-9824.400000
-9739.600000
-9718.000000
-9772.800000
-9805.600000
-9766.000000
-9852.800000
-9783.200000
-9702.800000
-9652.000000
-9698.400000
-9737.600000
-9780.400000
-9638.800000
-9724.800000
-9707.600000
-9755.200000
-9740.800000
-9720.000000
-9755.200000
-9726.800000
-9686.000000
-9707.200000
-9693.600000
-9703.200000
-9702.800000
-9708.800000
-9688.400000
-9681.200000
-9757.200000
-9706.400000
-9735.200000
-9750.400000
-9672.800000
-9817.600000
-9874.400000
-9915.600000
-9834.400000
-9804.800000
-9704.000000
-9753.200000
-9742.000000
-9802.000000
-9782.000000
-9822.800000
-9786.800000
-9777.600000
-9742.000000
-9677.200000
-9688.800000
-9718.000000
-9756.000000
-9724.000000
-9763.600000
-9778.000000
-9788.400000
-9728.000000
-9648.000000
-9678.000000
-9718.400000
-9737.600000
-9791.200000
-9754.800000
-9735.200000
-9743.200000
-9732.000000
-9736.800000
-9733.200000
-9785.200000
-9784.800000
-9752.000000
-9786.800000
-9772.800000
-9775.200000
-9740.400000
-9772.800000
-9809.600000
-9773.600000
-9778.400000
-9815.600000
-9755.600000
-9836.800000
-9858.000000
-9805.200000
-9837.200000
-9828.800000
-9860.000000
-9831.600000
-9815.600000
-9819.600000
-9784.400000
-9792.800000
-9820.400000
-9791.600000
-9701.200000
-9657.600000
-9745.600000
-9751.600000
-9743.600000
-9695.200000
-9638.000000
-9632.800000
-9686.000000
-9602.400000
-9590.800000
-9642.800000
-9655.200000
-9703.200000
-9718.000000
-9673.600000
-9712.800000
-9722.800000
-9646.000000
-9650.400000
-9595.600000
-9646.800000
-9679.600000
-9658.000000
-9662.800000
-9607.200000
-9677.600000
-9685.600000
-9693.600000
-9744.400000
-9688.400000
-9643.600000
-9630.800000
-9712.000000
-9686.400000
-9658.400000
-9760.400000
-9777.600000
-9665.600000
-9636.400000
-9628.400000
-9649.200000
-9692.400000
-9673.600000
-9687.600000
-9708.000000
-9671.200000
-9730.400000
-9712.800000
-9736.800000
-9758.400000
-9702.400000
-9681.200000
-9774.000000
-9845.600000
-9790.800000
-9724.000000
-9708.800000
-9707.600000
-9742.000000
-9727.200000
-9711.200000
-9643.600000
-9685.200000
-9727.600000
-9749.200000
-9671.600000
-9733.200000
-9696.000000
-9704.400000
-9657.600000
-9700.000000
-9689.600000
-9556.000000
-9614.800000
-9651.600000
-9664.800000
-9584.000000
-9585.600000
-9677.200000
-9606.400000
-9677.600000
-9641.200000
-9561.200000
-9628.400000
-9637.200000
-9704.400000
-9671.600000
-9655.200000
-9670.400000
-9617.600000
-9637.200000
-9634.800000
-9646.800000
-9608.000000
-9610.800000
-9667.200000
-9663.200000
-9761.200000
-9644.400000
-9653.200000
-9603.200000
-9599.600000
-9702.800000
-9658.000000
-9622.400000
-9596.000000
-9538.400000
-9653.600000
-9644.800000
-9672.800000
-9701.600000
-9617.200000
-9614.000000
-9629.600000
-9574.400000
-9620.400000
-9617.200000
-9705.200000
-9720.000000
-9682.800000
-9597.200000
-9633.600000
-9683.600000
-9715.600000
-9716.000000
-9645.200000
-9721.200000
-9783.600000
-9797.200000
-9785.600000
-9739.200000
-9624.000000
-9568.800000
-9719.600000
-9638.400000
-9664.400000
-9734.800000
-9714.000000
-9718.000000
-9693.600000
-9668.800000
-9587.600000
-9563.600000
-9562.000000
-9621.200000
-9648.000000
-9572.400000
-9656.000000
-9653.200000
-9675.600000
-9698.800000
-9764.400000
-9684.000000
-9573.600000
-9675.200000
-9589.600000
-9607.200000
-9714.800000
-9673.200000
-9720.000000
-9740.800000
-9772.800000
-9782.000000
-9719.200000
-9704.800000
-9743.200000
-9667.600000
-9724.800000
-9679.200000
-9693.600000
-9672.000000
-9638.400000
-9690.400000
-9686.400000
-9706.800000
-9809.600000
-9669.600000
-9614.400000
-9626.000000
-9667.200000
-9698.000000
-9759.200000
-9760.400000
-9718.400000
-9822.800000
-9753.200000
-9645.200000
-9701.200000
-9666.000000
-9696.000000
-9645.200000
-9659.200000
-9708.400000
-9728.400000
-9780.400000
-9748.000000
-9810.400000
-9811.600000
-9789.200000
-9768.000000
-9777.200000
-9740.000000
-9758.800000
-9836.800000
-9815.600000
-9799.600000
-9887.200000
-9898.400000
-9731.600000
-9840.800000
-9752.000000
-9856.400000
-9889.600000
-9766.400000
-9765.600000
-9770.400000
-9721.200000
-9767.200000
-9760.400000
-9702.000000
-9736.800000
-9704.400000
