-5529.600000
-3679.600000
-2580.400000
-1792.800000
-1228.000000
-734.000000
-371.200000
-83.200000
167.200000
346.800000
481.600000
612.000000
707.600000
775.600000
834.000000
888.400000
929.600000
965.200000
999.200000
1020.800000
1040.800000
1059.200000
1077.200000
1092.800000
1113.200000
1128.400000
1146.000000
1155.600000
1170.400000
1185.200000
1198.800000
1206.000000
1212.400000
1220.000000
1228.800000
1237.200000
1243.600000
1250.000000
1254.400000
1260.000000
1262.400000
1269.200000
1272.000000
1278.400000
1284.000000
1286.400000
1294.000000
1300.000000
1303.600000
1308.400000
1312.400000
1313.600000
1318.000000
1321.600000
1326.800000
1333.600000
1338.800000
1342.800000
1344.400000
1346.000000
1348.000000
1350.400000
1352.400000
1354.000000
1357.600000
1361.600000
1365.600000
1367.600000
1369.200000
1372.000000
1372.400000
1375.200000
1377.200000
1379.600000
1381.600000
1384.400000
1386.000000
1387.200000
1389.200000
1392.000000
1392.400000
1392.800000
1395.200000
1396.400000
1396.800000
1397.600000
1400.000000
1402.400000
1402.800000
1404.800000
1405.600000
1407.600000
1408.400000
1409.600000
1411.200000
1412.800000
1413.200000
1413.600000
1414.400000
1414.400000
1416.000000
1416.400000
1417.600000
1418.800000
1418.800000
1419.600000
1419.600000
1420.400000
1420.400000
1421.200000
1421.600000
1423.200000
1424.000000
1426.000000
1426.800000
1428.000000
1428.800000
1429.200000
1429.200000
1430.000000
1431.600000
1431.600000
1433.200000
1435.600000
1436.800000
1439.200000
1441.600000
1442.400000
1443.600000
1444.000000
1445.600000
1446.400000
1446.800000
1447.200000
1447.600000
1448.400000
1448.800000
1448.800000
1449.200000
1449.200000
1450.400000
1450.400000
1450.400000
1451.200000
1451.600000
1451.600000
1452.000000
1452.400000
1453.200000
1453.600000
1454.800000
1455.200000
1455.200000
1455.600000
1456.400000
1457.200000
1457.600000
1459.200000
1460.000000
1460.000000
1460.400000
1460.800000
1460.400000
1460.400000
1460.000000
1460.000000
1460.000000
1460.800000
1460.800000
1461.200000
1462.000000
1462.400000
1462.800000
1464.000000
1464.000000
1464.000000
1463.600000
1463.600000
1463.600000
1463.600000
1463.600000
1463.600000
1463.200000
1462.800000
1462.400000
1462.400000
1462.800000
1462.800000
1462.800000
1462.800000
1462.800000
1462.400000
1462.000000
1462.400000
1462.400000
1462.800000
1462.800000
1462.800000
1462.800000
1462.800000
1463.200000
1463.600000
1464.000000
1464.000000
1464.800000
1465.200000
1465.600000
1465.600000
1465.600000
1465.600000
1466.400000
1466.800000
1467.600000
1468.400000
1469.200000
1469.200000
1469.600000
1470.400000
1470.800000
1472.400000
1472.800000
1473.200000
1473.600000
1474.400000
1474.400000
1474.800000
1474.800000
1474.800000
1474.800000
1475.600000
1475.600000
1476.400000
1476.400000
1476.800000
1476.800000
1477.200000
1477.200000
1476.800000
1476.800000
1476.800000
1476.400000
1476.400000
1476.000000
1475.600000
1475.200000
1475.200000
1474.800000
1474.800000
1474.800000
1475.200000
1475.200000
1475.200000
1475.200000
1475.200000
1475.200000
1475.200000
1475.200000
1475.200000
1475.200000
1475.200000
1475.200000
1475.200000
1475.200000
1475.600000
1475.600000
1475.600000
1475.600000
1475.600000
1475.600000
1475.600000
1475.600000
1475.600000
1475.600000
1475.600000
1476.000000
1476.000000
1476.000000
1476.000000
1476.000000
1476.400000
1476.400000
1476.400000
1476.400000
1476.400000
1476.800000
1476.800000
1477.200000
1477.200000
1477.200000
1477.600000
1477.600000
1477.600000
1478.000000
1478.400000
1478.400000
1478.400000
1478.400000
1478.400000
1478.400000
1478.400000
1478.400000
1478.400000
1478.800000
1478.800000
1478.800000
1478.800000
1478.800000
1478.800000
1478.800000
1478.800000
1478.800000
1478.800000
1478.800000
1478.800000
1478.800000
1478.800000
1478.800000
1478.800000
1478.800000
1478.800000
1478.800000
1478.800000
1479.600000
1479.600000
1480.000000
1480.000000
1480.000000
1480.400000
1480.400000
1480.800000
1480.800000
1480.800000
1480.800000
1480.800000
1482.000000
1482.400000
1482.400000
1482.400000
1482.800000
1482.800000
1482.800000
1482.400000
1482.800000
1482.800000
1482.800000
1482.800000
1482.800000
1482.800000
1482.800000
1483.200000
1483.200000
1483.200000
1483.200000
1483.200000
1483.200000
1483.200000
1483.200000
1483.200000
1483.200000
1483.200000
1483.600000
1483.600000
1483.600000
1484.000000
1484.000000
1484.000000
1484.000000
1484.000000
1484.000000
1484.400000
1484.400000
1484.400000
1484.400000
1484.400000
1484.800000
1484.800000
1484.800000
1484.800000
1484.800000
1484.800000
1484.800000
1484.800000
1484.800000
1484.800000
1484.800000
1484.800000
1484.800000
1484.800000
1484.800000
1485.200000
1485.200000
1485.600000
1485.600000
1485.600000
1485.600000
1485.200000
1485.600000
1486.000000
1486.400000
1486.400000
1486.400000
1486.400000
1486.400000
1486.400000
1486.400000
1486.400000
1486.400000
1486.400000
1486.400000
1486.400000
1487.600000
1488.000000
1488.000000
1488.000000
1488.400000
1488.400000
1488.400000
1488.400000
1488.400000
1488.400000
1488.400000
1488.400000
1488.400000
1488.400000
1488.400000
1488.400000
1488.400000
1488.400000
1488.400000
1488.400000
1488.400000
1488.400000
1488.400000
1488.400000
1488.400000
1488.400000
1488.400000
1488.400000
1488.400000
1488.400000
1488.400000
1488.400000
1488.400000
1488.400000
1488.400000
1488.400000
1488.400000
1488.400000
1488.400000
1488.400000
1488.400000
1488.400000
1488.400000
1488.400000
1488.400000
1488.400000
1488.400000
1488.400000
1488.400000
1488.400000
1488.400000
1488.400000
1488.400000
1488.400000
1488.400000
1488.400000
1488.400000
1488.400000
1488.400000
1488.400000
1488.400000
1488.400000
1488.400000
1488.400000
1488.400000
1488.400000
1488.400000
1488.400000
1488.400000
1488.400000
1488.400000
1488.400000
1488.800000
1488.800000
1488.800000
1488.800000
1488.800000
1488.800000
1488.800000
1488.800000
1488.800000
1489.200000
1489.600000
1489.600000
1489.600000
1489.600000
1490.400000
1490.400000
1490.400000
1490.400000
1490.400000
1490.400000
1490.400000
1490.400000
1490.800000
1490.800000
1490.800000
1490.800000
1490.800000
1490.800000
1490.800000
1490.800000
1490.800000
1490.800000
1490.800000
1490.800000
1490.800000
1490.800000
1490.800000
1490.800000
1491.200000
1491.200000
1491.200000
1491.200000
1491.200000
1491.200000
1491.200000
1491.200000
1492.400000
1492.400000
1492.400000
1492.400000
1492.400000
1492.400000
1492.400000
1492.400000
1492.400000
1492.800000
1492.800000
1492.800000
1492.800000
1493.200000
1493.200000
1493.200000
1493.200000
1493.200000
1493.200000
1493.200000
1493.200000
1493.200000
1493.200000
1493.200000
1493.200000
1493.200000
1493.200000
1493.200000
1493.200000
1493.200000
1493.200000
1493.200000
1493.200000
1493.200000
1493.600000
1493.600000
1494.000000
1494.000000
1494.000000
1494.000000
1494.000000
1494.000000
1494.400000
1494.400000
1494.400000
1494.400000
1494.400000
1494.400000
1494.400000
1494.400000
1494.400000
1494.400000
1494.400000
1494.400000
1494.400000
1494.400000
1494.400000
1494.400000
1494.400000
1494.400000
1494.400000
1494.400000
1494.400000
1494.400000
1494.400000
1494.400000
1494.400000
1494.400000
1494.400000
1494.400000
1494.400000
1494.400000
1494.400000
1494.400000
1494.400000
1494.400000
1494.400000
1494.400000
1494.800000
1494.800000
1494.800000
1494.800000
1494.800000
1494.800000
1494.800000
1494.800000
1494.800000
1494.800000
1494.800000
1494.800000
1494.800000
1494.800000
1494.800000
1494.800000
1494.800000
1495.200000
1495.200000
1495.600000
1495.600000
1495.600000
1495.600000
1495.600000
1495.600000
1495.600000
1495.600000
1495.600000
1495.600000
1496.000000
1496.000000
1496.000000
1496.000000
1496.000000
1496.000000
1496.000000
1496.000000
1496.000000
1496.000000
1496.000000
1496.000000
1496.000000
1496.000000
1496.000000
1496.000000
1496.000000
1496.000000
1496.000000
1496.000000
1496.000000
1496.000000
1496.000000
1496.000000
1496.000000
1496.000000
1496.000000
1496.000000
1496.000000
1496.000000
1496.000000
1496.000000
1496.000000
1496.000000
1496.000000
1496.000000
1496.000000
1496.000000
1496.000000
1496.000000
1496.000000
1496.000000
1496.000000
1496.000000
1496.000000
1496.000000
1496.000000
1496.000000
1496.000000
1496.000000
1496.000000
1496.000000
1496.000000
1496.000000
1496.000000
1496.000000
1496.400000
1496.400000
1496.400000
1496.400000
1496.400000
1496.400000
1496.400000
1496.400000
1496.400000
1496.400000
1496.400000
1496.400000
1496.400000
1496.800000
1496.800000
1496.800000
1496.800000
1496.800000
1496.800000
1497.200000
1497.200000
1497.200000
1497.200000
1497.200000
1497.200000
1497.200000
1497.200000
1497.200000
1497.200000
1497.200000
1497.200000
1497.200000
1497.200000
1497.200000
1497.200000
1497.200000
1497.200000
1497.200000
1497.200000
1497.200000
1497.200000
1497.200000
1497.200000
1497.200000
1497.200000
1497.200000
1497.200000
1497.200000
1497.200000
1497.200000
1497.200000
1497.200000
1497.200000
1497.200000
1497.200000
1497.200000
1497.200000
1497.200000
1497.200000
1497.200000
1497.200000
1497.200000
1497.200000
1497.200000
1497.200000
1497.200000
1497.200000
1497.200000
1497.200000
1497.200000
1497.200000
1497.600000
1497.600000
1497.600000
1497.600000
1497.600000
1497.600000
1497.600000
1497.600000
1497.600000
1497.600000
1497.600000
1497.600000
1497.600000
1497.600000
1497.600000
1497.600000
1497.600000
1497.600000
1497.600000
1497.600000
1497.600000
1497.600000
1497.600000
1497.600000
1497.600000
1497.600000
1497.600000
1497.600000
1497.600000
1497.600000
1497.600000
1497.600000
1497.600000
1497.600000
1497.600000
1497.600000
1497.600000
1497.600000
1497.600000
1497.600000
1497.600000
1497.600000
1497.600000
1497.600000
1497.600000
1497.600000
1497.600000
1497.600000
1497.600000
1497.600000
1497.600000
1497.600000
1497.600000
1497.600000
1497.600000
1498.000000
1498.000000
1498.000000
1498.000000
1498.000000
1498.000000
1498.000000
1498.000000
1498.000000
1498.000000
1498.000000
1498.000000
1498.000000
1498.000000
1498.000000
1498.000000
1498.000000
1498.000000
1498.000000
1498.000000
1498.000000
1498.000000
1498.000000
1498.000000
1498.000000
1498.000000
1498.000000
1498.000000
1498.000000
1498.000000
1498.000000
1498.000000
1498.000000
1498.000000
1498.000000
1498.000000
1498.000000
1498.000000
1498.400000
1498.400000
1498.400000
1498.400000
1498.400000
1498.400000
1498.400000
1498.400000
1498.400000
1498.400000
1498.400000
1498.400000
1498.400000
1498.400000
1498.400000
1498.400000
1498.400000
1498.400000
1498.400000
1498.400000
1498.400000
1498.400000
1498.400000
1498.400000
1498.400000
1498.400000
1498.400000
1498.400000
1498.400000
1498.400000
1498.400000
1498.400000
1498.400000
1498.400000
1498.400000
1498.400000
1498.400000
1498.400000
1498.400000
1498.400000
1498.400000
1498.400000
1498.400000
1498.400000
1498.400000
1498.400000
1498.400000
1498.400000
1498.400000
1498.800000
1498.800000
1498.800000
1498.800000
1498.800000
1498.800000
1498.800000
1498.800000
1498.800000
1498.800000
1498.800000
1498.800000
1498.800000
1498.800000
1498.800000
1498.800000
1498.800000
1498.800000
1498.800000
1498.800000
1498.800000
1498.800000
1498.800000
1498.800000
1498.800000
1498.800000
1498.800000
1498.800000
1498.800000
1498.800000
1498.800000
1498.800000
1498.800000
1498.800000
1498.800000
1498.800000
1498.800000
1498.800000
1498.800000
1498.800000
1498.800000
1498.800000
1498.800000
1498.800000
1498.800000
1498.800000
1498.800000
1498.800000
1498.800000
1498.800000
1498.800000
1498.800000
1498.800000
1498.800000
1498.800000
1498.800000
1498.800000
1498.800000
1498.800000
1498.800000
1498.800000
1498.800000
1498.800000
1498.800000
1498.800000
1498.800000
1498.800000
1498.800000
1498.800000
1498.800000
1498.800000
1498.800000
1498.800000
1498.800000
1498.800000
1498.800000
1498.800000
1498.800000
1498.800000
1498.800000
1498.800000
1498.800000
1498.800000
1498.800000
1498.800000
1498.800000
1498.800000
1498.800000
1498.800000
1498.800000
1498.800000
1498.800000
1498.800000
1498.800000
1498.800000
1498.800000
